7

1010.1021. 1027.1032.1037. 1041. 1048. 1056. 1125. 1134.

1138.1140.1142.1143.1146. 1157. 1203. 1208. 1218. 1248.
1259. 1260. 1262. 1283. 1286.

In Helena: v. 26. 35. 55. 57. 63. 69. 86. 108. 140. 142.
wwmfflfflmmfflwffiffimm
fflmffimfflmfflmmmmmm
415· 416 421· 427· 431434· 441· 444Ι 416496511514531·
wmffiffimwwmeme
waQQmmwmwmmwwmm·
784. 785. 802. 807. 812. 814. 824. 826. 827. 836. 839. 840. 841.
850. 881. 884. 891. 898. 904. 908. 910. 911. 916. 918. 922. 946.

wwwmffimfflmfflmmffi
998. 1004. 1005. 1008101210131025. 1026. 1034. 1040.

1ο46.1050.1051.1058. 1062. 1064. 1065. 1066. 1069. 1073.

1077.1078.1083.1091.10921101. 1159. 1174. 1201. 1205.
1208.1227.1239.1242.12431262. 1267. 1269. 1276. 1277.

’ 127812841287.128912931336. 1373. 1386. 1388. 1389.
139213961401.140314041407. 1415. 1426. 1432. 1434'.
Ῑ445· 14411448· 14421475· 1513· Ι523· 1524· 1540· 1552·
1556.1559.1568.1594.1595. 1611. 1619. 1631. 1632. 1637.
1638. 1639. 1640. 1651. 1654. 1655. 1657. 1661. 1677.

 

